instance61_nreq2000_nveh40_gamma1829
400 2400 942 2942 1722 3722 1193 3193 1892 3892 539 2539 1867 3867 1603 3603 1721 3721 951 2951 160 2160 1910 3910 1499 3499 343 2343 811 2811 1254 3254 796 2796 153 2153 320 2320 1458 3458 1780 3780 198 2198 1262 3262 1594 3594 64 2064 1472 3472 1327 3327 203 2203 1767 3767 1956 3956 1486 3486 1845 3845 998 2998 1481 3481 1238 3238 593 2593 645 2645 40 2040 1706 3706 703 2703 1664 3664 625 2625 1543 3543 485 2485 406 2406 640 2640 1962 3962 1609 3609 1462 3462 716 2716
1787 3787 1872 3872 1167 3167 29 2029 648 2648 598 2598 308 2308 66 2066 110 2110 1114 3114 848 2848 1416 3416 86 2086 480 2480 599 2599 770 2770 1749 3749 657 2657 1311 3311 388 2388 195 2195 858 2858 601 2601 1109 3109 1393 3393 1589 3589 1255 3255 1792 3792 1244 3244 1957 3957 1431 3431 1211 3211 390 2390 3 2003 363 2363 1660 3660 754 2754 1687 3687 508 2508 238 2238 1376 3376 673 2673 107 2107 1842 3842 684 2684 627 2627 547 2547 1473 3473 546 2546 214 2214
210 2210 1717 3717 1454 3454 1408 3408 686 2686 1157 3157 1390 3390 479 2479 905 2905 1674 3674 503 2503 937 2937 861 2861 881 2881 704 2704 445 2445 570 2570 1420 3420 1174 3174 118 2118 112 2112 1740 3740 1747 3747 1350 3350 1883 3883 993 2993 53 2053 1344 3344 715 2715 1077 3077 274 2274 1538 3538 1147 3147 474 2474 30 2030 631 2631 656 2656 1680 3680 134 2134 564 2564 447 2447 897 2897 145 2145 119 2119 1930 3930 1771 3771 806 2806 994 2994 974 2974 1378 3378
222 2222 1583 3583 606 2606 914 2914 1996 3996 1498 3498 20 2020 742 2742 234 2234 1242 3242 1051 3051 1967 3967 115 2115 457 2457 1229 3229 1611 3611 815 2815 1854 3854 1811 3811 679 2679 1365 3365 1899 3899 661 2661 28 2028 104 2104 1118 3118 827 2827 442 2442 1886 3886 230 2230 583 2583 81 2081 1549 3549 360 2360 1158 3158 1446 3446 756 2756 752 2752 1112 3112 1066 3066 1627 3627 1835 3835 1885 3885 1241 3241 67 2067 1840 3840 983 2983 1682 3682 169 2169 896 2896
1896 3896 469 2469 1353 3353 443 2443 1124 3124 999 2999 1421 3421 155 2155 1595 3595 1144 3144 813 2813 272 2272 1999 3999 410 2410 1895 3895 349 2349 1775 3775 1761 3761 39 2039 1923 3923 772 2772 901 2901 1624 3624 427 2427 1972 3972 4 2004 19 2019 1760 3760 1541 3541 1089 3089 42 2042 80 2080 1588 3588 1864 3864 277 2277 1213 3213 1617 3617 1090 3090 911 2911 1087 3087 1168 3168 158 2158 1818 3818 1494 3494 734 2734 1897 3897 244 2244 605 2605 284 2284 1733 3733
242 2242 982 2982 633 2633 1856 3856 1019 3019 1047 3047 700 2700 554 2554 828 2828 1561 3561 113 2113 565 2565 862 2862 1700 3700 73 2073 1566 3566 1939 3939 856 2856 1080 3080 1574 3574 340 2340 478 2478 252 2252 1355 3355 1279 3279 334 2334 865 2865 1513 3513 1268 3268 1484 3484 381 2381 435 2435 560 2560 989 2989 852 2852 1553 3553 11 2011 1414 3414 1253 3253 74 2074 1710 3710 1163 3163 1191 3191 1335 3335 1278 3278 1231 3231 1142 3142 1429 3429 404 2404 940 2940
884 2884 269 2269 841 2841 1905 3905 1440 3440 1010 3010 412 2412 1432 3432 902 2902 1719 3719 708 2708 1050 3050 1741 3741 672 2672 1979 3979 384 2384 1868 3868 977 2977 372 2372 341 2341 1635 3635 1938 3938 1230 3230 1339 3339 652 2652 91 2091 961 2961 621 2621 788 2788 622 2622 1960 3960 1286 3286 1798 3798 1234 3234 574 2574 740 2740 668 2668 1190 3190 1887 3887 60 2060 347 2347 607 2607 878 2878 1196 3196 1497 3497 1197 3197 1272 3272 1569 3569 1689 3689 1837 3837
695 2695 1027 3027 1735 3735 1665 3665 1559 3559 643 2643 1870 3870 1756 3756 1169 3169 543 2543 557 2557 79 2079 185 2185 1021 3021 594 2594 392 2392 370 2370 1265 3265 1754 3754 517 2517 44 2044 1338 3338 247 2247 1599 3599 285 2285 225 2225 1250 3250 959 2959 430 2430 1796 3796 1303 3303 774 2774 1831 3831 156 2156 1573 3573 1332 3332 1371 3371 787 2787 1251 3251 1558 3558 1963 3963 365 2365 1698 3698 453 2453 1915 3915 802 2802 1958 3958 1908 3908 1596 3596 463 2463
1510 3510 468 2468 452 2452 587 2587 31 2031 1655 3655 957 2957 850 2850 215 2215 1757 3757 23 2023 1222 3222 1916 3916 378 2378 428 2428 1046 3046 887 2887 1258 3258 1971 3971 851 2851 1781 3781 883 2883 682 2682 1299 3299 1208 3208 261 2261 1860 3860 206 2206 1276 3276 179 2179 838 2838 1141 3141 746 2746 96 2096 1900 3900 466 2466 1026 3026 1273 3273 21 2021 818 2818 511 2511 1832 3832 553 2553 855 2855 1560 3560 1504 3504 743 2743 681 2681 956 2956 1505 3505
1618 3618 1903 3903 1031 3031 201 2201 294 2294 938 2938 784 2784 394 2394 1292 3292 676 2676 1742 3742 1470 3470 638 2638 1346 3346 188 2188 533 2533 1370 3370 713 2713 930 2930 1139 3139 1074 3074 1261 3261 720 2720 1989 3989 1730 3730 1159 3159 1925 3925 1944 3944 617 2617 281 2281 899 2899 2 2002 1245 3245 536 2536 282 2282 501 2501 934 2934 256 2256 1082 3082 773 2773 1667 3667 350 2350 163 2163 236 2236 1534 3534 376 2376 1976 3976 1802 3802 475 2475 790 2790
1554 3554 763 2763 317 2317 1728 3728 873 2873 1206 3206 990 2990 36 2036 1713 3713 286 2286 1133 3133 1415 3415 76 2076 1866 3866 1927 3927 1688 3688 1401 3401 1226 3226 1693 3693 1136 3136 1280 3280 1880 3880 1228 3228 1797 3797 176 2176 1503 3503 1405 3405 300 2300 1425 3425 1799 3799 1836 3836 921 2921 415 2415 1988 3988 600 2600 1302 3302 1526 3526 1734 3734 123 2123 618 2618 1697 3697 127 2127 1403 3403 13 2013 1516 3516 224 2224 249 2249 417 2417 1881 3881 1067 3067
1508 3508 211 2211 438 2438 338 2338 538 2538 1694 3694 1932 3932 871 2871 992 2992 1200 3200 462 2462 509 2509 1025 3025 1263 3263 1970 3970 280 2280 301 2301 131 2131 698 2698 180 2180 952 2952 264 2264 1705 3705 1857 3857 1943 3943 1650 3650 1795 3795 1891 3891 35 2035 311 2311 1819 3819 747 2747 1683 3683 138 2138 1982 3982 1548 3548 567 2567 1058 3058 924 2924 219 2219 1964 3964 421 2421 1948 3948 507 2507 556 2556 1961 3961 812 2812 1068 3068 1968 3968 639 2639
488 2488 653 2653 1149 3149 327 2327 1946 3946 675 2675 1528 3528 805 2805 1375 3375 383 2383 357 2357 477 2477 723 2723 1239 3239 1678 3678 461 2461 542 2542 354 2354 15 2015 535 2535 1274 3274 689 2689 637 2637 581 2581 382 2382 1586 3586 25 2025 918 2918 520 2520 50 2050 1806 3806 1069 3069 448 2448 1223 3223 1758 3758 903 2903 908 2908 237 2237 458 2458 1172 3172 1676 3676 1523 3523 1791 3791 1198 3198 1000 3000 1702 3702 1093 3093 518 2518 1307 3307 786 2786
1653 3653 782 2782 1623 3623 1407 3407 99 2099 1445 3445 690 2690 1220 3220 190 2190 1428 3428 1823 3823 1748 3748 1966 3966 1634 3634 613 2613 1266 3266 1911 3911 1012 3012 451 2451 78 2078 1630 3630 1874 3874 1424 3424 573 2573 1975 3975 1863 3863 845 2845 1391 3391 170 2170 733 2733 1917 3917 1314 3314 85 2085 374 2374 515 2515 572 2572 1116 3116 1317 3317 1411 3411 1978 3978 569 2569 227 2227 1240 3240 1492 3492 1368 3368 1833 3833 571 2571 399 2399 785 2785 563 2563
1102 3102 1774 3774 147 2147 623 2623 966 2966 57 2057 1154 3154 1115 3115 1765 3765 801 2801 1524 3524 397 2397 541 2541 1396 3396 916 2916 566 2566 93 2093 662 2662 1822 3822 835 2835 1531 3531 898 2898 1846 3846 1259 3259 1545 3545 1011 3011 642 2642 333 2333 986 2986 218 2218 762 2762 860 2860 1008 3008 1699 3699 562 2562 10 2010 1439 3439 820 2820 1160 3160 154 2154 1998 3998 1580 3580 1184 3184 816 2816 1855 3855 866 2866 1392 3392 709 2709 168 2168 446 2446
24 2024 1838 3838 826 2826 1520 3520 1489 3489 1804 3804 193 2193 991 2991 1898 3898 396 2396 513 2513 208 2208 148 2148 817 2817 1929 3929 120 2120 352 2352 1644 3644 849 2849 712 2712 1304 3304 926 2926 441 2441 1909 3909 1468 3468 1677 3677 833 2833 1668 3668 1690 3690 1551 3551 1248 3248 1990 3990 644 2644 803 2803 1651 3651 1983 3983 1212 3212 1171 3171 1359 3359 530 2530 876 2876 32 2032 1839 3839 922 2922 1233 3233 1649 3649 1777 3777 519 2519 368 2368 1048 3048
484 2484 56 2056 1374 3374 1097 3097 1057 3057 344 2344 117 2117 523 2523 456 2456 426 2426 1506 3506 1323 3323 75 2075 889 2889 1924 3924 1826 3826 1511 3511 1981 3981 1869 3869 1360 3360 391 2391 377 2377 1547 3547 135 2135 1252 3252 846 2846 868 2868 646 2646 552 2552 1540 3540 1533 3533 1829 3829 1670 3670 1035 3035 1850 3850 1073 3073 1759 3759 1482 3482 492 2492 1129 3129 1023 3023 582 2582 289 2289 246 2246 1326 3326 1906 3906 68 2068 310 2310 1203 3203 209 2209
1361 3361 1681 3681 1852 3852 987 2987 751 2751 847 2847 1389 3389 1853 3853 1285 3285 1354 3354 1341 3341 1289 3289 929 2929 1645 3645 62 2062 1173 3173 1017 3017 532 2532 870 2870 189 2189 1402 3402 744 2744 1663 3663 920 2920 1572 3572 174 2174 1672 3672 254 2254 969 2969 385 2385 864 2864 1546 3546 526 2526 1711 3711 413 2413 1034 3034 1309 3309 580 2580 495 2495 1024 3024 765 2765 886 2886 1671 3671 194 2194 1447 3447 439 2439 853 2853 1937 3937 660 2660 159 2159
231 2231 1177 3177 1187 3187 1737 3737 82 2082 1131 3131 1111 3111 1828 3828 544 2544 968 2968 1284 3284 863 2863 297 2297 9 2009 874 2874 1199 3199 1352 3352 946 2946 1018 3018 697 2697 1901 3901 1185 3185 1207 3207 1214 3214 293 2293 1947 3947 537 2537 1110 3110 1382 3382 1275 3275 1328 3328 1610 3610 996 2996 677 2677 854 2854 1205 3205 1522 3522 1593 3593 505 2505 1848 3848 831 2831 472 2472 750 2750 476 2476 270 2270 416 2416 687 2687 296 2296 1926 3926 872 2872
732 2732 1406 3406 760 2760 1070 3070 1691 3691 620 2620 1293 3293 1461 3461 1714 3714 232 2232 1347 3347 1453 3453 984 2984 821 2821 1783 3783 844 2844 339 2339 307 2307 608 2608 267 2267 1029 3029 1449 3449 133 2133 1487 3487 579 2579 1032 3032 1661 3661 1858 3858 100 2100 1140 3140 336 2336 239 2239 49 2049 1267 3267 510 2510 626 2626 1037 3037 348 2348 126 2126 1815 3815 1904 3904 1950 3950 834 2834 1246 3246 730 2730 1763 3763 1466 3466 321 2321 273 2273 1637 3637
316 2316 737 2737 1100 3100 927 2927 408 2408 1821 3821 1707 3707 1005 3005 395 2395 8 2008 276 2276 1685 3685 1270 3270 460 2460 669 2669 454 2454 759 2759 292 2292 420 2420 1121 3121 1615 3615 1701 3701 257 2257 1324 3324 960 2960 1457 3457 611 2611 1367 3367 1841 3841 1165 3165 967 2967 1642 3642 1577 3577 1752 3752 1517 3517 1843 3843 54 2054 531 2531 1186 3186 647 2647 701 2701 1336 3336 1638 3638 235 2235 1813 3813 1491 3491 981 2981 910 2910 1954 3954 514 2514
1552 3552 429 2429 781 2781 1662 3662 791 2791 128 2128 1464 3464 1316 3316 591 2591 1704 3704 789 2789 1183 3183 94 2094 61 2061 705 2705 1325 3325 1123 3123 455 2455 1643 3643 1529 3529 187 2187 33 2033 124 2124 1319 3319 132 2132 498 2498 279 2279 506 2506 1720 3720 1576 3576 1395 3395 568 2568 771 2771 380 2380 1601 3601 1260 3260 1977 3977 1564 3564 1194 3194 1308 3308 928 2928 1106 3106 175 2175 278 2278 302 2302 1334 3334 1086 3086 614 2614 894 2894 1305 3305
619 2619 880 2880 1991 3991 1488 3488 1942 3942 919 2919 778 2778 636 2636 1675 3675 1851 3851 497 2497 1641 3641 1604 3604 255 2255 1295 3295 1483 3483 262 2262 615 2615 683 2683 405 2405 326 2326 1459 3459 229 2229 17 2017 1613 3613 527 2527 1973 3973 888 2888 250 2250 893 2893 1101 3101 398 2398 182 2182 353 2353 1467 3467 824 2824 1175 3175 167 2167 975 2975 635 2635 48 2048 1684 3684 768 2768 1256 3256 1296 3296 1745 3745 1830 3830 409 2409 437 2437 658 2658
1064 3064 150 2150 1515 3515 1243 3243 1040 3040 1751 3751 651 2651 748 2748 177 2177 1476 3476 97 2097 221 2221 671 2671 1287 3287 859 2859 1922 3922 1592 3592 1928 3928 948 2948 1878 3878 504 2504 1377 3377 139 2139 1247 3247 487 2487 165 2165 1188 3188 692 2692 1045 3045 1935 3935 51 2051 1148 3148 1873 3873 1076 3076 1126 3126 1094 3094 1716 3716 1013 3013 233 2233 1300 3300 1083 3083 1221 3221 90 2090 1479 3479 1501 3501 38 2038 251 2251 1337 3337 1357 3357 1 2001
1033 3033 1871 3871 213 2213 164 2164 1620 3620 1119 3119 389 2389 1607 3607 1153 3153 1427 3427 1195 3195 755 2755 258 2258 1085 3085 332 2332 693 2693 943 2943 630 2630 1455 3455 612 2612 1578 3578 481 2481 1994 3994 6 2006 87 2087 1539 3539 711 2711 603 2603 550 2550 197 2197 1107 3107 1310 3310 1096 3096 1201 3201 1400 3400 753 2753 1103 3103 324 2324 1471 3471 47 2047 371 2371 298 2298 419 2419 1953 3953 1550 3550 1776 3776 1500 3500 958 2958 1625 3625 263 2263
345 2345 1584 3584 1176 3176 1875 3875 71 2071 525 2525 1132 3132 1571 3571 1409 3409 1105 3105 1209 3209 1724 3724 558 2558 1039 3039 1631 3631 1636 3636 1394 3394 1232 3232 1075 3075 1383 3383 1002 3002 1544 3544 422 2422 1071 3071 1893 3893 1043 3043 1810 3810 1772 3772 1145 3145 425 2425 16 2016 1161 3161 976 2976 2000 4000 949 2949 1054 3054 1137 3137 1164 3164 1210 3210 157 2157 972 2972 1237 3237 1362 3362 1762 3762 1587 3587 777 2777 840 2840 843 2843 1490 3490 407 2407
386 2386 978 2978 271 2271 1669 3669 331 2331 1812 3812 152 2152 936 2936 1081 3081 663 2663 808 2808 1794 3794 1146 3146 1152 3152 548 2548 108 2108 795 2795 1180 3180 1590 3590 1581 3581 1092 3092 1282 3282 55 2055 793 2793 200 2200 1628 3628 259 2259 1404 3404 1827 3827 1640 3640 295 2295 1849 3849 783 2783 749 2749 909 2909 364 2364 1992 3992 72 2072 346 2346 1277 3277 1605 3605 1151 3151 822 2822 212 2212 1433 3433 393 2393 473 2473 1438 3438 95 2095 1686 3686
584 2584 1790 3790 962 2962 735 2735 41 2041 359 2359 98 2098 1143 3143 351 2351 183 2183 1612 3612 1570 3570 590 2590 1965 3965 1478 3478 342 2342 979 2979 1770 3770 799 2799 970 2970 313 2313 632 2632 418 2418 1597 3597 1951 3951 1507 3507 1016 3016 88 2088 423 2423 1095 3095 757 2757 1556 3556 585 2585 1451 3451 1387 3387 1134 3134 1217 3217 1738 3738 1155 3155 609 2609 1766 3766 291 2291 832 2832 1785 3785 1495 3495 1803 3803 1469 3469 1028 3028 105 2105 266 2266
1156 3156 1001 3001 1654 3654 470 2470 1388 3388 101 2101 780 2780 1219 3219 1150 3150 674 2674 202 2202 130 2130 328 2328 1786 3786 588 2588 1053 3053 356 2356 1666 3666 240 2240 58 2058 1527 3527 467 2467 248 2248 577 2577 1297 3297 561 2561 1969 3969 1108 3108 792 2792 1049 3049 559 2559 1844 3844 1657 3657 1358 3358 925 2925 935 2935 323 2323 1974 3974 1397 3397 1696 3696 1521 3521 1060 3060 1726 3726 265 2265 1949 3949 1227 3227 1619 3619 775 2775 665 2665 890 2890
444 2444 489 2489 810 2810 1808 3808 1921 3921 1056 3056 1755 3755 964 2964 1204 3204 1315 3315 610 2610 1865 3865 102 2102 287 2287 1633 3633 696 2696 1179 3179 7 2007 906 2906 366 2366 1920 3920 1567 3567 373 2373 954 2954 667 2667 1443 3443 1715 3715 77 2077 146 2146 807 2807 769 2769 1269 3269 1817 3817 1862 3862 502 2502 809 2809 1306 3306 915 2915 1632 3632 1435 3435 1709 3709 499 2499 829 2829 729 2729 1042 3042 761 2761 1330 3330 465 2465 1003 3003 141 2141
776 2776 823 2823 1456 3456 1369 3369 1788 3788 329 2329 629 2629 985 2985 576 2576 879 2879 923 2923 330 2330 717 2717 1333 3333 1509 3509 1820 3820 1257 3257 950 2950 825 2825 1128 3128 1936 3936 688 2688 551 2551 988 2988 1727 3727 1264 3264 184 2184 1437 3437 797 2797 305 2305 736 2736 83 2083 1038 3038 45 2045 361 2361 114 2114 1902 3902 1412 3412 1030 3030 241 2241 649 2649 1061 3061 1322 3322 322 2322 1825 3825 1779 3779 904 2904 299 2299 1882 3882 216 2216
586 2586 1824 3824 1419 3419 335 2335 1291 3291 819 2819 1877 3877 137 2137 129 2129 401 2401 1773 3773 794 2794 1356 3356 1384 3384 1622 3622 290 2290 1062 3062 900 2900 549 2549 1712 3712 664 2664 1993 3993 1422 3422 933 2933 143 2143 220 2220 1477 3477 500 2500 1782 3782 1349 3349 1088 3088 1006 3006 89 2089 433 2433 764 2764 106 2106 1941 3941 1463 3463 490 2490 1166 3166 604 2604 1535 3535 941 2941 706 2706 1386 3386 1410 3410 27 2027 1162 3162 947 2947 402 2402
1746 3746 136 2136 1739 3739 745 2745 260 2260 140 2140 1986 3986 1117 3117 459 2459 1542 3542 243 2243 917 2917 432 2432 1460 3460 1098 3098 1127 3127 1312 3312 895 2895 1493 3493 1789 3789 186 2186 69 2069 1434 3434 842 2842 1298 3298 1225 3225 1442 3442 449 2449 303 2303 144 2144 1537 3537 592 2592 965 2965 1582 3582 1351 3351 493 2493 1518 3518 142 2142 223 2223 1398 3398 283 2283 22 2022 1436 3436 602 2602 707 2707 1281 3281 486 2486 1063 3063 1859 3859 1608 3608
1514 3514 482 2482 1940 3940 798 2798 1598 3598 1055 3055 1918 3918 628 2628 678 2678 46 2046 995 2995 491 2491 14 2014 1380 3380 685 2685 1120 3120 1816 3816 718 2718 275 2275 724 2724 1301 3301 18 2018 512 2512 1995 3995 738 2738 555 2555 1496 3496 1014 3014 725 2725 650 2650 26 2026 151 2151 857 2857 1744 3744 1591 3591 1125 3125 1399 3399 268 2268 1913 3913 1313 3313 1778 3778 877 2877 173 2173 1271 3271 589 2589 288 2288 1807 3807 1809 3809 1078 3078 779 2779
1052 3052 217 2217 869 2869 1475 3475 521 2521 1753 3753 1452 3452 1614 3614 955 2955 367 2367 800 2800 680 2680 1385 3385 1079 3079 1099 3099 1931 3931 355 2355 973 2973 1044 3044 1800 3800 411 2411 1321 3321 578 2578 624 2624 867 2867 767 2767 1648 3648 245 2245 63 2063 450 2450 907 2907 1834 3834 1980 3980 1007 3007 1658 3658 721 2721 314 2314 1934 3934 1215 3215 1565 3565 654 2654 37 2037 814 2814 931 2931 109 2109 121 2121 1718 3718 913 2913 1113 3113 403 2403
1004 3004 516 2516 1485 3485 379 2379 431 2431 205 2205 971 2971 545 2545 1059 3059 912 2912 1423 3423 1732 3732 659 2659 1189 3189 1731 3731 1418 3418 1290 3290 1015 3015 1600 3600 728 2728 963 2963 1621 3621 1417 3417 997 2997 1769 3769 315 2315 125 2125 1366 3366 726 2726 318 2318 337 2337 1673 3673 575 2575 1363 3363 1182 3182 172 2172 1888 3888 1557 3557 1703 3703 1343 3343 319 2319 597 2597 714 2714 932 2932 1723 3723 92 2092 891 2891 1342 3342 1480 3480 731 2731
1202 3202 471 2471 1646 3646 1729 3729 1122 3122 84 2084 666 2666 1192 3192 596 2596 1181 3181 1288 3288 1379 3379 358 2358 1579 3579 1692 3692 875 2875 655 2655 1216 3216 1218 3218 1736 3736 1907 3907 1236 3236 766 2766 1639 3639 309 2309 595 2595 945 2945 362 2362 1562 3562 727 2727 436 2436 312 2312 1955 3955 1647 3647 181 2181 882 2882 739 2739 758 2758 691 2691 524 2524 1532 3532 1512 3512 207 2207 1444 3444 1890 3890 414 2414 939 2939 540 2540 1235 3235 161 2161
529 2529 1345 3345 1679 3679 1945 3945 1575 3575 1985 3985 1072 3072 325 2325 722 2722 1750 3750 1364 3364 52 2052 1919 3919 1170 3170 204 2204 1659 3659 1041 3041 719 2719 1814 3814 1450 3450 528 2528 836 2836 1585 3585 1138 3138 1695 3695 830 2830 162 2162 440 2440 1656 3656 1914 3914 699 2699 1348 3348 34 2034 226 2226 1009 3009 1616 3616 1329 3329 694 2694 1020 3020 1283 3283 1084 3084 375 2375 1933 3933 1441 3441 191 2191 304 2304 1372 3372 1889 3889 178 2178 616 2616
1912 3912 634 2634 1984 3984 702 2702 1249 3249 1743 3743 1519 3519 1847 3847 306 2306 1602 3602 1224 3224 1725 3725 199 2199 496 2496 434 2434 1320 3320 522 2522 1884 3884 1474 3474 1065 3065 1413 3413 1465 3465 1381 3381 1801 3801 369 2369 1894 3894 1563 3563 885 2885 424 2424 1022 3022 1952 3952 149 2149 1130 3130 483 2483 1997 3997 1178 3178 116 2116 171 2171 253 2253 741 2741 5 2005 1036 3036 1555 3555 166 2166 1294 3294 944 2944 1525 3525 710 2710 192 2192 1135 3135
387 2387 1652 3652 65 2065 837 2837 1987 3987 534 2534 1629 3629 1502 3502 953 2953 980 2980 43 2043 103 2103 839 2839 1764 3764 1793 3793 12 2012 1805 3805 1373 3373 1768 3768 1340 3340 70 2070 1626 3626 196 2196 464 2464 1530 3530 1876 3876 1536 3536 1318 3318 1568 3568 1784 3784 641 2641 1879 3879 670 2670 122 2122 1861 3861 1448 3448 228 2228 1104 3104 1091 3091 1426 3426 1959 3959 1430 3430 892 2892 111 2111 59 2059 494 2494 1331 3331 804 2804 1606 3606 1708 3708
