instance61_nreq1000_nveh20_gamma879
957 1957 193 1193 466 1466 375 1375 938 1938 680 1680 637 1637 759 1759 662 1662 364 1364 862 1862 946 1946 639 1639 3 1003 111 1111 713 1713 479 1479 531 1531 880 1880 90 1090 8 1008 308 1308 368 1368 919 1919 903 1903 13 1013 745 1745 110 1110 256 1256 67 1067 678 1678 278 1278 647 1647 1000 2000 756 1756 295 1295 574 1574 440 1440 151 1151 694 1694 569 1569 640 1640 448 1448 837 1837 968 1968 615 1615 378 1378 171 1171 740 1740 690 1690
635 1635 176 1176 511 1511 243 1243 342 1342 660 1660 724 1724 425 1425 612 1612 106 1106 614 1614 162 1162 497 1497 316 1316 369 1369 496 1496 583 1583 870 1870 259 1259 420 1420 824 1824 805 1805 489 1489 261 1261 191 1191 59 1059 70 1070 355 1355 557 1557 766 1766 719 1719 536 1536 849 1849 137 1137 207 1207 487 1487 227 1227 37 1037 591 1591 38 1038 881 1881 446 1446 515 1515 274 1274 262 1262 279 1279 827 1827 516 1516 401 1401 438 1438
74 1074 967 1967 437 1437 950 1950 808 1808 55 1055 532 1532 404 1404 855 1855 927 1927 180 1180 344 1344 976 1976 845 1845 475 1475 34 1034 113 1113 922 1922 270 1270 798 1798 888 1888 251 1251 252 1252 726 1726 149 1149 12 1012 682 1682 930 1930 698 1698 657 1657 651 1651 76 1076 294 1294 417 1417 98 1098 392 1392 472 1472 825 1825 570 1570 907 1907 701 1701 613 1613 282 1282 684 1684 249 1249 689 1689 936 1936 200 1200 997 1997 40 1040
42 1042 337 1337 527 1527 117 1117 491 1491 54 1054 611 1611 335 1335 229 1229 283 1283 797 1797 951 1951 544 1544 173 1173 289 1289 739 1739 372 1372 72 1072 92 1092 679 1679 160 1160 990 1990 19 1019 991 1991 280 1280 602 1602 354 1354 253 1253 391 1391 58 1058 791 1791 460 1460 1 1001 84 1084 638 1638 386 1386 225 1225 32 1032 399 1399 221 1221 925 1925 546 1546 899 1899 235 1235 481 1481 28 1028 718 1718 158 1158 704 1704 306 1306
715 1715 365 1365 501 1501 621 1621 720 1720 803 1803 752 1752 226 1226 130 1130 604 1604 823 1823 380 1380 916 1916 125 1125 300 1300 480 1480 330 1330 914 1914 95 1095 62 1062 433 1433 699 1699 185 1185 629 1629 129 1129 742 1742 334 1334 174 1174 217 1217 900 1900 197 1197 860 1860 631 1631 815 1815 883 1883 993 1993 634 1634 869 1869 743 1743 287 1287 582 1582 210 1210 18 1018 721 1721 509 1509 567 1567 912 1912 97 1097 461 1461 785 1785
412 1412 884 1884 949 1949 551 1551 995 1995 547 1547 854 1854 183 1183 136 1136 625 1625 545 1545 131 1131 43 1043 48 1048 987 1987 503 1503 707 1707 285 1285 258 1258 394 1394 385 1385 379 1379 485 1485 764 1764 771 1771 896 1896 688 1688 693 1693 652 1652 806 1806 25 1025 499 1499 762 1762 415 1415 57 1057 514 1514 524 1524 427 1427 926 1926 500 1500 982 1982 49 1049 796 1796 776 1776 118 1118 861 1861 319 1319 120 1120 318 1318 576 1576
156 1156 450 1450 633 1633 659 1659 371 1371 608 1608 31 1031 104 1104 198 1198 155 1155 654 1654 303 1303 843 1843 867 1867 695 1695 954 1954 6 1006 247 1247 321 1321 456 1456 370 1370 119 1119 293 1293 311 1311 878 1878 325 1325 296 1296 826 1826 315 1315 208 1208 578 1578 75 1075 142 1142 164 1164 622 1622 816 1816 477 1477 307 1307 359 1359 102 1102 714 1714 733 1733 749 1749 245 1245 885 1885 848 1848 442 1442 691 1691 864 1864 476 1476
774 1774 398 1398 822 1822 789 1789 746 1746 517 1517 389 1389 588 1588 945 1945 831 1831 310 1310 462 1462 802 1802 39 1039 972 1972 667 1667 879 1879 563 1563 572 1572 853 1853 571 1571 436 1436 112 1112 127 1127 626 1626 980 1980 683 1683 333 1333 223 1223 794 1794 644 1644 934 1934 451 1451 424 1424 250 1250 165 1165 723 1723 177 1177 539 1539 754 1754 589 1589 731 1731 47 1047 561 1561 971 1971 708 1708 224 1224 676 1676 502 1502 973 1973
14 1014 908 1908 304 1304 523 1523 132 1132 406 1406 26 1026 431 1431 586 1586 145 1145 650 1650 222 1222 790 1790 850 1850 490 1490 488 1488 214 1214 4 1004 167 1167 597 1597 33 1033 284 1284 642 1642 744 1744 402 1402 63 1063 483 1483 384 1384 705 1705 852 1852 844 1844 52 1052 994 1994 474 1474 812 1812 341 1341 643 1643 758 1758 452 1452 897 1897 397 1397 443 1443 856 1856 913 1913 513 1513 213 1213 478 1478 324 1324 362 1362 519 1519
624 1624 809 1809 458 1458 277 1277 736 1736 556 1556 508 1508 409 1409 716 1716 237 1237 600 1600 781 1781 969 1969 298 1298 627 1627 750 1750 672 1672 464 1464 410 1410 553 1553 5 1005 663 1663 327 1327 220 1220 80 1080 66 1066 966 1966 232 1232 449 1449 29 1029 700 1700 983 1983 920 1920 93 1093 88 1088 507 1507 833 1833 979 1979 17 1017 309 1309 400 1400 632 1632 592 1592 595 1595 965 1965 445 1445 241 1241 842 1842 872 1872 876 1876
956 1956 846 1846 46 1046 407 1407 89 1089 331 1331 114 1114 661 1661 668 1668 276 1276 814 1814 541 1541 60 1060 157 1157 139 1139 847 1847 126 1126 465 1465 202 1202 266 1266 387 1387 832 1832 317 1317 526 1526 192 1192 703 1703 738 1738 194 1194 748 1748 216 1216 242 1242 959 1959 234 1234 69 1069 215 1215 772 1772 82 1082 418 1418 468 1468 493 1493 943 1943 64 1064 952 1952 910 1910 918 1918 101 1101 444 1444 24 1024 981 1981 53 1053
836 1836 244 1244 525 1525 711 1711 778 1778 793 1793 288 1288 978 1978 196 1196 568 1568 336 1336 675 1675 770 1770 86 1086 204 1204 734 1734 915 1915 537 1537 810 1810 801 1801 206 1206 538 1538 100 1100 645 1645 687 1687 115 1115 929 1929 45 1045 395 1395 649 1649 863 1863 453 1453 15 1015 786 1786 905 1905 722 1722 376 1376 941 1941 205 1205 811 1811 573 1573 607 1607 346 1346 61 1061 820 1820 428 1428 494 1494 231 1231 940 1940 543 1543
603 1603 977 1977 889 1889 506 1506 254 1254 673 1673 871 1871 841 1841 248 1248 961 1961 148 1148 345 1345 735 1735 960 1960 901 1901 388 1388 163 1163 353 1353 267 1267 78 1078 923 1923 552 1552 963 1963 35 1035 421 1421 189 1189 712 1712 41 1041 558 1558 540 1540 605 1605 851 1851 358 1358 782 1782 609 1609 159 1159 343 1343 769 1769 535 1535 560 1560 528 1528 211 1211 467 1467 297 1297 727 1727 492 1492 108 1108 580 1580 143 1143 257 1257
709 1709 73 1073 188 1188 186 1186 799 1799 471 1471 616 1616 542 1542 953 1953 107 1107 349 1349 928 1928 564 1564 152 1152 36 1036 730 1730 821 1821 807 1807 932 1932 199 1199 265 1265 565 1565 904 1904 122 1122 312 1312 599 1599 454 1454 166 1166 829 1829 271 1271 665 1665 123 1123 891 1891 390 1390 426 1426 348 1348 924 1924 641 1641 504 1504 874 1874 819 1819 998 1998 141 1141 593 1593 974 1974 116 1116 2 1002 658 1658 671 1671 190 1190
96 1096 706 1706 939 1939 747 1747 702 1702 299 1299 505 1505 301 1301 332 1332 685 1685 755 1755 618 1618 419 1419 441 1441 351 1351 138 1138 71 1071 890 1890 56 1056 835 1835 405 1405 81 1081 839 1839 784 1784 103 1103 238 1238 893 1893 992 1992 181 1181 320 1320 868 1868 804 1804 760 1760 596 1596 902 1902 518 1518 838 1838 935 1935 463 1463 373 1373 383 1383 314 1314 323 1323 858 1858 873 1873 144 1144 942 1942 326 1326 218 1218 429 1429
779 1779 329 1329 906 1906 617 1617 533 1533 550 1550 128 1128 656 1656 670 1670 393 1393 964 1964 653 1653 109 1109 459 1459 268 1268 233 1233 83 1083 99 1099 877 1877 7 1007 124 1124 11 1011 999 1999 414 1414 212 1212 512 1512 363 1363 422 1422 408 1408 236 1236 792 1792 239 1239 911 1911 830 1830 209 1209 352 1352 947 1947 356 1356 866 1866 290 1290 594 1594 21 1021 767 1767 948 1948 648 1648 470 1470 201 1201 619 1619 182 1182 522 1522
725 1725 751 1751 931 1931 717 1717 339 1339 757 1757 175 1175 246 1246 416 1416 585 1585 430 1430 357 1357 510 1510 135 1135 788 1788 986 1986 23 1023 732 1732 263 1263 187 1187 559 1559 91 1091 473 1473 347 1347 620 1620 664 1664 482 1482 275 1275 917 1917 892 1892 51 1051 813 1813 286 1286 495 1495 469 1469 765 1765 169 1169 628 1628 921 1921 549 1549 322 1322 22 1022 677 1677 646 1646 269 1269 898 1898 865 1865 548 1548 579 1579 800 1800
955 1955 423 1423 944 1944 439 1439 777 1777 9 1009 681 1681 886 1886 328 1328 737 1737 396 1396 975 1975 530 1530 933 1933 857 1857 768 1768 840 1840 529 1529 350 1350 666 1666 636 1636 240 1240 534 1534 172 1172 984 1984 255 1255 147 1147 228 1228 150 1150 598 1598 121 1121 783 1783 10 1010 340 1340 773 1773 195 1195 761 1761 305 1305 669 1669 292 1292 674 1674 16 1016 895 1895 520 1520 554 1554 313 1313 273 1273 887 1887 601 1601 272 1272
50 1050 230 1230 587 1587 291 1291 374 1374 834 1834 729 1729 168 1168 146 1146 484 1484 77 1077 360 1360 753 1753 281 1281 962 1962 170 1170 909 1909 338 1338 970 1970 403 1403 432 1432 219 1219 787 1787 413 1413 377 1377 859 1859 521 1521 178 1178 610 1610 20 1020 382 1382 741 1741 94 1094 498 1498 79 1079 875 1875 65 1065 361 1361 775 1775 989 1989 435 1435 697 1697 795 1795 134 1134 577 1577 575 1575 780 1780 411 1411 590 1590 105 1105
140 1140 27 1027 381 1381 696 1696 985 1985 367 1367 692 1692 894 1894 184 1184 710 1710 817 1817 996 1996 630 1630 457 1457 153 1153 179 1179 161 1161 366 1366 562 1562 455 1455 44 1044 133 1133 260 1260 655 1655 584 1584 302 1302 828 1828 623 1623 486 1486 30 1030 68 1068 434 1434 566 1566 988 1988 264 1264 818 1818 555 1555 85 1085 154 1154 87 1087 686 1686 606 1606 447 1447 203 1203 728 1728 937 1937 581 1581 882 1882 958 1958 763 1763
